---- TR ----
MSE: 0.0023065502491707367, 0.022053603023762035, 0.023351779849693402
MSAD: 0.07361532490022417, 0.18898689297658333, 0.18683719683318173
Loss: 0.5987316498187761, 3.15029476725912, 3.2693639691352487
---- TS ----
MSE: 0.011445849907005956, 0.025921579293417853, 0.02695033158447698
MSAD: 0.09648291306934018, 0.19770059868638187, 0.1943042466942743
Loss: 1.6269995903571792, 3.5806609227736947, 3.6665543919190693
