np.mean(r2)=0.9689358482112175, np.mean(r2)=0.7823047541085639, np.mean(r2)=0.7694716648314851
np.std(r2)=0.009033738297523054, np.std(r2)=0.11448593627837472, np.std(r2)=0.11729912972899079
np.mean(r2)=0.8750240070213415, np.mean(r2)=0.7503658174905888, np.mean(r2)=0.7414962383510771
np.std(r2)=0.04782362966119075, np.std(r2)=0.15680046117834323, np.std(r2)=0.15585029619005245
