---- TR ----
MSE: 0.0031710779539509434, 0.022053603023762035, 0.023351779849693402
MSAD: 0.09974011221989083, 0.18898689297658333, 0.18683719683318173
Loss: 0.3171077907065341, 2.2053603023762034, 2.33517798496934
---- TS ----
MSE: 0.013989714560757474, 0.025921579293417853, 0.02695033158447698
MSAD: 0.12204018136642676, 0.19770059868638187, 0.1943042466942743
Loss: 1.3989714479465818, 2.592157929341785, 2.695033158447698
