np.mean(r2)=0.9732916612178526, np.mean(r2)=0.7823047541085639, np.mean(r2)=0.7694716648314851
np.std(r2)=0.005273806954644412, np.std(r2)=0.11448593627837472, np.std(r2)=0.11729912972899079
np.mean(r2)=0.8888429627920531, np.mean(r2)=0.7503658174905888, np.mean(r2)=0.7414962383510771
np.std(r2)=0.04431286638755297, np.std(r2)=0.15680046117834323, np.std(r2)=0.15585029619005245
