---- TR ----
MSE: 0.002791134647529802, 0.022053603023762035, 0.023351779849693402
MSAD: 0.09263091302614676, 0.18898689297658333, 0.18683719683318173
Loss: 0.279113465756695, 2.2053603023762034, 2.33517798496934
---- TS ----
MSE: 0.012429099074264526, 0.025921579293417853, 0.02695033158447698
MSAD: 0.1159439911047312, 0.19770059868638187, 0.1943042466942743
Loss: 1.2429098889949475, 2.592157929341785, 2.695033158447698
