np.mean(r2)=0.9740909350647182, np.mean(r2)=0.7823047541085639, np.mean(r2)=0.7694716648314851
np.std(r2)=0.00575298959490729, np.std(r2)=0.11448593627837472, np.std(r2)=0.11729912972899079
np.mean(r2)=0.8868928443866919, np.mean(r2)=0.7503658174905888, np.mean(r2)=0.7414962383510771
np.std(r2)=0.041218460875045757, np.std(r2)=0.15680046117834323, np.std(r2)=0.15585029619005245
