---- TR ----
MSE: 0.002733840113533648, 0.022053603023762035, 0.023351779849693402
MSAD: 0.077812551585154, 0.18898689297658333, 0.18683719683318173
Loss: 0.6624467656131087, 3.15029476725912, 3.2693639691352487
---- TS ----
MSE: 0.012595939182267436, 0.025921579293417853, 0.02695033158447698
MSAD: 0.09996329487269308, 0.19770059868638187, 0.1943042466942743
Loss: 1.75941036757917, 3.5806609227736947, 3.6665543919190693
